00000000000111110111111111000000
00000000001111100111011110000000
00000000010111010110111101000000
00000000011111000110011100000000
00000000100110110101111011000000
00000000101110100101011010000000
00000000110110010100111001000000
00000000111110000100011000000000
00000001000101110011110111000000
00000001001101100011010110000000
00000001010101010010110101000000
00000001011101000010010100000000
00000001100100110001110011000000
00000001101100100001010010000000
00000001110100010000110001000000
00000001111100000000010000000000
00000010000011111000000000000000
00000010001011101000100001000000
00000010010011011001000010000000
00000010011011001001100011000000
00000010100010111010000100000000
00000010101010101010100101000000
00000010110010011011000110000000
00000010111010001011100111000000
00000011000001111100001000000000
00000011001001101100101001000000
00000011010001011101001010000000
00000011011001001101101011000000
00000011100000111110001100000000
00000011101000101110101101000000
00000011110000011111001110000000
00000011111000001111101111000000
11111111111111111111111111111110
11111111111111111111111111111101
11111111111111111111111111111011
11111111111111111111111111110111
11111111111111111111111111101111
11111111111111111111111111011111
11111111111111111111111110111111
11111111111111111111111101111111
11111111111111111111111011111111
11111111111111111111110111111111
11111111111111111111101111111111
11111111111111111111011111111111
11111111111111111110111111111111
11111111111111111101111111111111
11111111111111111011111111111111
11111111111111110111111111111111
11111111111111101111111111111111
11111111111111011111111111111111
11111111111110111111111111111111
11111111111101111111111111111111
11111111111011111111111111111111
11111111110111111111111111111111
11111111101111111111111111111111
11111111011111111111111111111111
11111110111111111111111111111111
11111101111111111111111111111111
11111011111111111111111111111111
11110111111111111111111111111111
11101111111111111111111111111111
11011111111111111111111111111111
10111111111111111111111111111111
01111111111111111111111111111111
